1993 58.6
1992 58.0
1991 57.4
1990 56.86
1989 56.30
1988 55.82
1987 55.32
1986 54.87
1985 54.34
1984 53.79
1983 52.96
1982 52.17
1981 51.38
1980 50.54
1979 49.59
1978 48.53
1977 47.52
1976 46.46
1975 45.48
1974 44.49
1973 43.37
1972 42.23
1971 41.17
1970 40.18
1969 39.20
1968 38.29
1967 37.43
1966 36.54
1965 35.73
1964 35.03
1963 34.47
1962 34.00
1961 33.59
1960 33.15
1959 32.68
1958 32.18
1957 31.68
1956 31.35
1955 31.07
1954 30.72
1953 30.36
1952 29.97
1951 29.57
1950 29.15
1949 28.71
1948 28.25
1947 27.78
1946 27.28
1945 26.77
1944 26.24
1943 25.70
1942 25.30
1941 24.83
1940 24.33
1939 24.02
1938 23.96
1937 23.92
1936 23.73
1935 23.93
1934 23.86
1933 23.95
1932 23.87
1931 24.00
1930 24.02
1929 24.08
1928 24.34
1927 24.49
1926 23.86
1925 23.62
1924 23.49
1923 23.03
1922 22.41
1921 22.25
1920 21.16
1919 20.95
1918 20.25
1917 19.06
1916 18.24
1915 17.20
1914 16.01
1913 14.65
1912 13.36
1911 11.53
1910 10.46
1909 9.13
1908 7.75
1907 6.14
1906 5.37
1905 3.86
1904 2.64
1903 1.24
1902 -0.02
1901 -1.54
1900 -2.72
-999 -4
